F_Ciff = 1 - r =  0.9627893864456026
A =  0.7444740596812134
B =  0.22723698674978077