F_Ciff = 1 - r =  0.95997710410578
A =  0.7002691799301273
B =  0.23788407153355928