F_Ciff = 1 - r =  0.9613272908649871
A =  0.6826001799400145
B =  0.24892806232731543